1 0
0.99903 0.00016777
0.99611 0.00072998
0.99128 0.0017639
0.98456 0.0033309
0.97597 0.0054751
0.96555 0.0082233
0.95336 0.011585
0.93942 0.015553
0.9238 0.020105
0.90655 0.025204
0.88771 0.030798
0.86737 0.036828
0.84558 0.043222
0.82242 0.049899
0.79796 0.056774
0.77229 0.063753
0.74549 0.07074
0.71765 0.077636
0.68888 0.084337
0.65928 0.090743
0.62896 0.096751
0.59803 0.10226
0.56661 0.10718
0.53484 0.11143
0.50285 0.11491
0.47077 0.11755
0.43874 0.11931
0.40691 0.12013
0.37543 0.11999
0.34444 0.11888
0.31408 0.11679
0.28451 0.11377
0.25585 0.10985
0.22824 0.1051
0.2018 0.099613
0.17665 0.093474
0.1529 0.086799
0.13063 0.079705
0.10994 0.072316
0.090885 0.064758
0.073536 0.05715
0.057943 0.049606
0.044147 0.042227
0.032182 0.0351
0.022076 0.028292
0.01385 0.021852
0.0075209 0.015806
0.0030988 0.010162
0.00059105 0.0049037
0 9.2416e-18
0.0013235 -0.0045975
0.0045545 -0.0089484
0.0096808 -0.01312
0.016685 -0.017184
0.025543 -0.021208
0.036226 -0.025256
0.048699 -0.029377
0.062921 -0.033609
0.078845 -0.03797
0.096419 -0.042457
0.11559 -0.047048
0.13628 -0.051698
0.15844 -0.05634
0.18197 -0.060891
0.20681 -0.065253
0.23285 -0.069318
0.26001 -0.072971
0.28816 -0.076099
0.31721 -0.078594
0.34702 -0.08036
0.37746 -0.081317
0.4084 -0.081406
0.43971 -0.080595
0.47124 -0.078876
0.50285 -0.076273
0.5344 -0.072835
0.56576 -0.06864
0.5968 -0.06379
0.62739 -0.058405
0.65742 -0.052623
0.68679 -0.046592
0.71538 -0.040463
0.7431 -0.034386
0.76985 -0.028504
0.79554 -0.022949
0.82009 -0.017833
0.8434 -0.013249
0.86539 -0.0092654
0.88598 -0.0059249
0.90508 -0.0032428
0.92261 -0.001208
0.93851 0.00021619
0.95269 0.0010894
0.9651 0.0014916
0.97569 0.0015189
0.98441 0.0012798
0.99122 0.00089016
0.99609 0.00046929
0.99902 0.00013504
1 -0
