1 0
0.99903 0.00011843
0.99611 0.00053443
0.99127 0.0013302
0.98454 0.0025744
0.97594 0.0043213
0.96551 0.0066094
0.9533 0.0094614
0.93935 0.012884
0.92372 0.01687
0.90647 0.021396
0.88765 0.026427
0.86733 0.031913
0.84558 0.037797
0.82247 0.04401
0.79809 0.050475
0.77251 0.057108
0.74582 0.063819
0.71812 0.070515
0.6895 0.077099
0.66007 0.083472
0.62992 0.089537
0.59918 0.095196
0.56797 0.10036
0.53639 0.10493
0.50459 0.10883
0.4727 0.11198
0.44085 0.11434
0.40917 0.11583
0.37782 0.11643
0.34693 0.11612
0.31664 0.11489
0.28709 0.11276
0.25842 0.10975
0.23077 0.10591
0.20425 0.1013
0.17898 0.096005
0.15507 0.090105
0.13262 0.083697
0.11173 0.076882
0.092462 0.069764
0.074892 0.062446
0.059079 0.055026
0.045071 0.047592
0.032908 0.040224
0.022623 0.032987
0.01424 0.025932
0.0077769 0.019095
0.0032459 0.012493
0.00065335 0.0061317
0 1.174e-17
0.0012816 -0.0059239
0.004489 -0.011671
0.0096076 -0.017278
0.016618 -0.022784
0.025496 -0.028225
0.036211 -0.033634
0.048728 -0.039035
0.063007 -0.044438
0.079001 -0.049842
0.096659 -0.055227
0.11592 -0.06056
0.13673 -0.06579
0.159 -0.07085
0.18267 -0.07566
0.20764 -0.080133
0.23382 -0.084171
0.26111 -0.087676
0.2894 -0.090553
0.31857 -0.092713
0.34848 -0.094079
0.37902 -0.09459
0.41004 -0.094204
0.4414 -0.092904
0.47297 -0.090693
0.50459 -0.087604
0.53614 -0.083693
0.56748 -0.079038
0.59848 -0.073741
0.62903 -0.06792
0.65899 -0.061707
0.68827 -0.055242
0.71677 -0.048672
0.74438 -0.042139
0.77102 -0.035781
0.79659 -0.029725
0.82101 -0.024082
0.84419 -0.018945
0.86605 -0.014385
0.88652 -0.010451
0.90551 -0.0071656
0.92294 -0.0045281
0.93875 -0.0025139
0.95286 -0.0010766
0.96521 -0.00014998
0.97575 0.00034853
0.98444 0.00051449
0.99123 0.00045257
0.9961 0.00027258
0.99902 8.5561e-05
1 -0
