1 0
0.99903 0.00015001
0.99611 0.00063549
0.99128 0.0015009
0.98454 0.0027788
0.97592 0.0044894
0.96547 0.0066412
0.95322 0.0092312
0.93921 0.012246
0.9235 0.015664
0.90615 0.019456
0.88722 0.023583
0.86678 0.028005
0.8449 0.032676
0.82166 0.037547
0.79715 0.042565
0.77145 0.047679
0.74467 0.052831
0.7169 0.057968
0.68824 0.06303
0.65881 0.067959
0.6287 0.072695
0.59804 0.077178
0.56695 0.081346
0.53554 0.085139
0.50393 0.088497
0.47226 0.091361
0.44064 0.093677
0.40921 0.095394
0.3781 0.096468
0.34744 0.096862
0.31736 0.09655
0.28798 0.095516
0.25945 0.093755
0.23188 0.091276
0.2054 0.088101
0.18013 0.084265
0.15617 0.079817
0.13364 0.074816
0.11262 0.069333
0.09321 0.063443
0.075485 0.057232
0.059513 0.050785
0.045354 0.044189
0.033056 0.037528
0.022661 0.030881
0.014198 0.024319
0.0076898 0.017904
0.0031506 0.011688
0.00058739 0.0057103
0 1.0857e-17
0.0013819 -0.0054262
0.0047205 -0.010562
0.0099969 -0.015408
0.017187 -0.019975
0.02626 -0.024274
0.037181 -0.028322
0.049907 -0.032134
0.06439 -0.035723
0.080577 -0.039095
0.098408 -0.042253
0.11782 -0.045191
0.13873 -0.047895
0.16107 -0.050342
0.18475 -0.052506
0.20969 -0.054349
0.23577 -0.055835
0.26291 -0.056923
0.29098 -0.057574
0.31989 -0.057753
0.3495 -0.05743
0.37971 -0.056587
0.41038 -0.055216
0.44139 -0.053321
0.47262 -0.050923
0.50393 -0.048056
0.53521 -0.044769
0.56632 -0.041125
0.59715 -0.037198
0.62759 -0.033072
0.65751 -0.028839
0.6868 -0.024591
0.71536 -0.020423
0.74308 -0.016425
0.76986 -0.012681
0.79559 -0.0092632
0.82018 -0.0062314
0.84353 -0.00363
0.86555 -0.0014867
0.88616 0.00018903
0.90526 0.0014054
0.92279 0.002188
0.93866 0.0025786
0.95282 0.0026331
0.9652 0.0024191
0.97576 0.002013
0.98445 0.0014969
0.99124 0.00095552
0.9961 0.00047291
0.99903 0.00012962
1 -0
